MW_U_STAT: 74.0
MW_P_VALUE: 0.551794310415
NEW_MEAN: 2.802582119870506
OLD_MEAN: 3.279941963094578
